5_1_2_20231102 74 108 0
5_1_2_20231102 193 118 1
5_1_2_20231102 326 102 2
5_1_2_20231102 435 54 3
5_1_2_20231102 496 87 4
5_1_2_20231102 664 59 5
5_1_2_20231102 726 61 6
5_1_2_20231102 793 85 7
5_1_2_20231102 882 139 8
5_1_2_20231102 1022 57 9
5_1_2_20231102 1080 145 10
5_1_3_20231102 21 123 0
5_1_3_20231102 155 96 1
5_1_3_20231102 269 121 2
5_1_3_20231102 430 63 3
5_1_3_20231102 515 56 4
5_1_3_20231102 617 53 5
5_1_3_20231102 693 78 6
5_1_3_20231102 799 123 7
5_1_3_20231102 951 160 8
5_1_3_20231102 1112 50 9
5_1_3_20231102 1163 107 10
5_1_4_20231102 120 99 0
5_1_4_20231102 240 98 1
5_1_4_20231102 364 58 2
5_1_4_20231102 453 61 3
5_1_4_20231102 515 101 4
5_1_4_20231102 645 53 5
5_1_4_20231102 702 67 6
5_1_4_20231102 790 108 7
5_1_4_20231102 905 162 8
5_1_4_20231102 1156 133 7
5_1_4_20231102 1295 65 9
5_1_4_20231102 1385 82 10
5_1_5_20231102 24 106 0
5_1_5_20231102 173 102 1
5_1_5_20231102 277 66 2
5_1_5_20231102 344 76 3
5_1_5_20231102 421 93 4
5_1_5_20231102 554 69 6
5_1_5_20231102 631 96 5
5_1_5_20231102 731 116 7
5_1_5_20231102 850 95 8
5_1_5_20231102 946 68 9
5_1_5_20231102 1020 67 10
5_5_1_20231102 29 68 0
5_5_1_20231102 109 168 1
5_5_1_20231102 306 82 3
5_5_1_20231102 416 122 2
5_5_1_20231102 582 101 6
5_5_1_20231102 700 78 7
5_5_1_20231102 781 123 8
5_5_1_20231102 905 103 9
5_5_1_20231102 1009 63 10
5_5_2_20231102 23 64 0
5_5_2_20231102 167 208 1
5_5_2_20231102 377 98 3
5_5_2_20231102 476 100 2
5_5_2_20231102 615 97 6
5_5_2_20231102 724 103 7
5_5_2_20231102 833 137 8
5_5_2_20231102 971 127 9
5_5_2_20231102 1124 67 10
5_6_1_20231102 16 76 0
5_6_1_20231102 113 139 1
5_6_1_20231102 254 80 3
5_6_1_20231102 338 100 2
5_6_1_20231102 481 119 6
5_6_1_20231102 615 120 7
5_6_1_20231102 740 148 8
5_6_1_20231102 889 80 9
5_6_1_20231102 993 92 10
5_6_2_20231102 16 70 0
5_6_2_20231102 108 122 1
5_6_2_20231102 247 90 3
5_6_2_20231102 338 136 2
5_6_2_20231102 530 77 6
5_6_2_20231102 617 178 7
5_6_2_20231102 819 134 8
5_6_2_20231102 954 190 9
5_6_2_20231102 1190 82 10
5_6_3_20231102 101 65 0
5_6_3_20231102 217 116 1
5_6_3_20231102 341 110 3
5_6_3_20231102 468 159 2
5_6_3_20231102 685 117 7
5_6_3_20231102 803 110 6
5_6_3_20231102 919 84 9
5_6_3_20231102 1081 58 1
5_6_3_20231102 1140 83 8
5_6_3_20231102 1224 71 9
5_6_3_20231102 1316 81 10
8_1_3_20221105 30 108 0
8_1_3_20221105 150 59 1
8_1_3_20221105 215 50 2
8_1_3_20221105 296 52 9
8_1_3_20221105 359 36 7
8_1_3_20221105 404 57 10
8_1_3_20221105 571 139 0
8_1_3_20221105 727 4 7
8_1_3_20221105 731 15 2
8_1_3_20221105 762 87 1
8_1_3_20221105 854 15 2
8_1_3_20221105 870 84 7
8_1_3_20221105 962 55 9
8_1_3_20221105 1029 82 10
8_1_4_20221105 53 68 0
8_1_4_20221105 130 70 1
8_1_4_20221105 206 71 2
8_1_4_20221105 290 49 3
8_1_4_20221105 353 25 4
8_1_4_20221105 438 33 5
8_1_4_20221105 488 52 6
8_1_4_20221105 556 101 7
8_1_4_20221105 670 57 9
8_1_4_20221105 742 68 10
8_4_1_20221105 52 71 0
8_4_1_20221105 149 42 1
8_4_1_20221105 200 134 2
8_4_1_20221105 350 24 3
8_4_1_20221105 388 52 4
8_4_1_20221105 527 14 6
8_4_1_20221105 541 30 3
8_4_1_20221105 586 35 5
8_4_1_20221105 639 47 6
8_4_1_20221105 703 72 9
8_4_1_20221105 801 43 7
8_4_1_20221105 862 141 10
9_4_1_20221105 74 68 0
9_4_1_20221105 153 54 2
9_4_1_20221105 219 105 1
9_4_1_20221105 332 64 4
9_4_1_20221105 405 34 3
9_4_1_20221105 466 62 6
9_4_1_20221105 567 57 5
9_4_1_20221105 658 72 9
9_4_1_20221105 742 47 7
9_4_1_20221105 777 113 10
9_4_2_20221105 47 64 0
9_4_2_20221105 114 43 2
9_4_2_20221105 168 112 1
9_4_2_20221105 287 37 4
9_4_2_20221105 334 32 3
9_4_2_20221105 396 39 6
9_4_2_20221105 445 51 5
9_4_2_20221105 513 128 8
9_4_2_20221105 642 64 9
9_4_2_20221105 712 71 7
9_4_2_20221105 791 92 10
10_4_1_20221105 1 64 0
10_4_1_20221105 73 43 2
10_4_1_20221105 126 88 1
10_4_1_20221105 226 37 3
10_4_1_20221105 274 48 4
10_4_1_20221105 373 42 5
10_4_1_20221105 431 37 6
10_4_1_20221105 479 136 8
10_4_1_20221105 616 61 9
10_4_1_20221105 682 33 7
10_4_1_20221105 726 104 10
10_4_2_20221105 10 60 0
10_4_2_20221105 97 44 2
10_4_2_20221105 105 168 1
10_4_2_20221105 267 46 3
10_4_2_20221105 353 47 4
10_4_2_20221105 450 89 5
10_4_2_20221105 650 48 6
10_4_2_20221105 727 52 8
10_4_2_20221105 780 53 9
10_4_2_20221105 962 40 7
10_4_2_20221105 1007 106 10
T1_1_1_20221105 51 121 0
T1_1_1_20221105 178 35 2
T1_1_1_20221105 245 109 1
T1_1_1_20221105 376 74 4
T1_1_1_20221105 452 58 3
T1_1_1_20221105 566 43 5
T1_1_1_20221105 624 77 6
T1_1_1_20221105 713 81 8
T1_1_1_20221105 795 49 9
T1_1_1_20221105 845 94 7
T1_1_1_20221105 948 91 10
T1_2_1_20221105 25 104 0
T1_2_1_20221105 145 52 2
T1_2_1_20221105 215 95 1
T1_2_1_20221105 335 34 3
T1_2_1_20221105 375 49 4
T1_2_1_20221105 483 39 5
T1_2_1_20221105 535 147 6
T1_2_1_20221105 700 105 8
T1_2_1_20221105 806 59 9
T1_2_1_20221105 883 124 7
T1_2_1_20221105 1014 79 10
T2_2_2_20221105 111 79 0
T2_2_2_20221105 205 52 2
T2_2_2_20221105 279 54 8
T2_2_2_20221105 334 50 1
T2_2_2_20221105 396 45 4
T2_2_2_20221105 464 30 3
T2_2_2_20221105 613 29 5
T2_2_2_20221105 538 56 6
T2_2_2_20221105 734 94 8
T2_2_2_20221105 829 101 9
T2_2_2_20221105 950 95 7
T2_2_2_20221105 1063 48 10
T2_2_3_20221105 62 83 0
T2_2_3_20221105 156 50 2
T2_2_3_20221105 231 91 1
T2_2_3_20221105 331 25 3
T2_2_3_20221105 374 34 4
T2_2_3_20221105 502 31 5
T2_2_3_20221105 549 51 6
T2_2_3_20221105 621 51 8
T2_2_3_20221105 673 38 9
T2_2_3_20221105 725 78 7
T2_2_3_20221105 815 66 10
T2_2_4_20221105 66 114 0
T2_2_4_20221105 186 32 2
T2_2_4_20221105 229 108 1
T2_2_4_20221105 358 25 4
T2_2_4_20221105 395 39 3
T2_2_4_20221105 534 67 5
T2_2_4_20221105 670 66 6
T2_2_4_20221105 761 125 8
T2_2_4_20221105 887 77 9
T2_2_4_20221105 982 62 7
T2_2_4_20221105 1054 75 10
T5_1_1_20221105 45 84 6
T5_1_1_20221105 130 87 5
T5_1_1_20221105 231 146 7
T5_1_1_20221105 387 285 8
T5_1_1_20221105 673 50 9
T5_1_1_20221105 747 61 10
T5_1_2_20221105 34 91 6
T5_1_2_20221105 140 107 5
T5_1_2_20221105 344 92 7
T5_1_2_20221105 460 90 8
T5_1_2_20221105 551 50 9
T5_1_2_20221105 644 71 10
T5_1_3_20221105 66 137 0
T5_1_3_20221105 228 148 1
T5_1_3_20221105 377 86 2
T5_1_3_20221105 479 59 4
T5_1_3_20221105 564 76 3
T5_1_4_20221105 72 147 0
T5_1_4_20221105 250 109 1
T5_1_4_20221105 386 77 2
T5_1_4_20221105 492 67 3
T5_1_4_20221105 581 63 4
T5_1_4_20221105 750 72 5
T5_1_4_20221105 833 169 6
T5_1_4_20221105 1018 108 7
T5_1_4_20221105 1139 101 8
T5_1_4_20221105 1241 60 9
T5_1_4_20221105 1316 110 10
T5_1_5_20221105 61 224 0
T5_1_5_20221105 319 59 2
T5_1_5_20221105 390 206 1
T5_1_5_20221105 600 87 4
T5_1_5_20221105 694 49 3
T5_1_5_20221105 777 51 6
T5_1_5_20221105 835 49 5
T5_1_5_20221105 917 86 9
T5_1_5_20221105 1004 77 7
T5_1_5_20221105 1088 60 10
T5_2_1_20221105 122 148 0
T5_2_1_20221105 275 49 2
T5_2_1_20221105 331 127 1
T5_2_1_20221105 506 40 3
T5_2_1_20221105 554 34 4
T5_2_1_20221105 627 214 6
T5_2_1_20221105 842 75 5
T5_2_1_20221105 922 102 9
T5_2_1_20221105 1025 40 7
T5_2_1_20221105 1066 80 10
T5_2_2_20221105 63 120 0
T5_2_2_20221105 184 34 2
T5_2_2_20221105 226 68 1
T5_2_2_20221105 323 48 3
T5_2_2_20221105 378 33 4
T5_2_2_20221105 438 36 5
T5_2_2_20221105 475 144 6
T5_2_2_20221105 639 165 9
T5_2_2_20221105 805 20 1
T5_2_2_20221105 826 96 8
T5_2_2_20221105 923 37 9
T5_2_2_20221105 961 53 7
T5_2_2_20221105 1015 65 10
2_1_2_20231102 1 102 0
2_1_2_20231102 104 218 1
2_1_2_20231102 337 48 2
2_1_2_20231102 404 77 4
2_1_2_20231102 493 78 3
2_1_2_20231102 694 98 5
2_1_2_20231102 808 48 6
2_1_2_20231102 879 68 7
2_1_2_20231102 1002 22 9
2_1_2_20231102 1080 79 10
2_1_3_20231102 40 108 0
2_1_3_20231102 187 87 1
2_1_3_20231102 282 49 2
2_1_3_20231102 355 58 3
2_1_3_20231102 431 93 4
2_1_3_20231102 603 64 6
2_1_3_20231102 709 51 5
2_1_3_20231102 811 112 7
2_1_3_20231102 957 60 8
2_1_3_20231102 1018 56 9
2_1_4_20231102 1 138 0
2_1_4_20231102 172 214 1
2_1_4_20231102 403 47 2
2_1_4_20231102 469 43 3
2_1_4_20231102 529 113 4
2_1_4_20231102 697 88 5
2_1_4_20231102 805 48 6
2_1_4_20231102 873 110 7
2_1_4_20231102 1005 46 8
2_1_4_20231102 1052 83 9
2_1_4_20231102 1154 96 10
2_6_1_20231102 56 93 0
2_6_1_20231102 171 92 1
2_6_1_20231102 293 87 3
2_6_1_20231102 401 89 2
2_6_1_20231102 587 77 7
2_6_1_20231102 687 61 6
2_6_1_20231102 833 107 8
2_6_1_20231102 941 54 9
2_6_1_20231102 1022 90 10
2_6_2_20231102 1 130 0
2_6_2_20231102 158 108 1
2_6_2_20231102 296 75 3
2_6_2_20231102 386 71 2
2_6_2_20231102 589 54 6
2_6_2_20231102 715 63 7
2_6_2_20231102 813 43 8
2_6_2_20231102 857 57 9
2_6_2_20231102 973 82 10
2_6_3_20231102 1 65 0
2_6_3_20231102 85 95 1
2_6_3_20231102 201 64 3
2_6_3_20231102 276 39 2
2_6_3_20231102 427 72 7
2_6_3_20231102 516 49 6
2_6_3_20231102 652 96 8
2_6_3_20231102 749 53 9
2_6_3_20231102 819 86 10
2_7_1_20231102 16 120 0
2_7_1_20231102 190 159 1
2_7_1_20231102 391 77 3
2_7_1_20231102 491 94 2
2_7_1_20231102 673 52 6
2_7_1_20231102 831 139 7
2_7_1_20231102 1011 74 8
2_7_1_20231102 1086 61 9
2_7_1_20231102 1202 68 10
2_7_2_20231102 31 94 0
2_7_2_20231102 142 118 1
2_7_2_20231102 289 51 3
2_7_2_20231102 357 53 2
2_7_2_20231102 490 66 6
2_7_2_20231102 808 45 7
2_7_2_20231102 882 114 8
2_7_2_20231102 997 54 9
2_7_2_20231102 1096 69 10
5_1_1_20231102 46 151 0
5_1_1_20231102 282 290 1
5_1_1_20231102 636 34 2
5_1_1_20231102 720 71 4
5_1_1_20231102 836 26 3
5_1_1_20231102 924 34 6
5_1_1_20231102 991 46 5
5_1_1_20231102 1057 55 7
5_1_1_20231102 1130 99 8
5_1_1_20231102 1230 51 9
5_1_1_20231102 1309 64 10
5_2_1_20221105 33 223 0
5_2_1_20221105 311 81 2
5_2_1_20221105 420 102 1
5_2_1_20221105 562 43 3
5_2_2_20221105 10 149 0
5_2_2_20221105 225 40 2
5_2_2_20221105 278 115 1
5_2_2_20221105 435 54 4
5_2_2_20221105 490 70 3
5_2_2_20221105 605 65 5
5_2_2_20221105 675 125 6
5_2_2_20221105 820 120 8
5_2_2_20221105 941 49 9
5_2_2_20221105 1024 85 7
5_2_2_20221105 1134 91 10
5_2_3_20221105 15 110 0
5_2_3_20221105 170 45 2
5_2_3_20221105 220 100 1
5_2_3_20221105 370 50 4
5_2_3_20221105 440 45 3
5_2_3_20221105 525 70 5
5_2_3_20221105 598 117 6
5_2_3_20221105 1005 125 8
5_2_3_20221105 1131 119 9
5_2_3_20221105 1237 46 7
5_2_3_20221105 1284 86 10
5_3_1_20221105 15 91 0
5_3_1_20221105 170 120 1
5_3_1_20221105 295 47 2
5_3_1_20221105 350 65 3
5_3_1_20221105 470 96 6
5_3_1_20221105 571 61 7
5_3_1_20221105 653 42 9
5_3_1_20221105 698 152 10
5_3_2_20221105 15 75 0
5_3_2_20221105 150 63 1
5_3_2_20221105 227 41 2
5_3_2_20221105 276 67 3
5_3_2_20221105 418 52 6
5_3_2_20221105 530 65 7
5_3_2_20221105 600 100 8
5_3_2_20221105 621 79 9
5_3_2_20221105 716 149 10
5_4_1_20221105 165 51 2
5_4_1_20221105 231 110 1
5_4_1_20221105 359 32 3
5_4_1_20221105 397 60 4
5_4_1_20221105 507 89 6
5_4_1_20221105 611 54 5
5_4_1_20221105 672 34 8
5_4_1_20221105 707 70 9
5_4_1_20221105 782 31 7
5_4_1_20221105 837 94 10
5_4_2_20221105 23 77 0
5_4_2_20221105 151 80 2
5_4_2_20221105 372 145 1
5_4_2_20221105 531 44 4
5_4_2_20221105 592 60 3
5_4_2_20221105 688 47 6
5_4_2_20221105 738 253 5
5_4_2_20221105 1016 83 8
5_4_2_20221105 1118 42 7
5_4_2_20221105 1169 102 10
5_4_3_20221105 32 61 0
5_4_3_20221105 144 69 2
5_4_3_20221105 252 97 1
5_4_3_20221105 378 23 3
5_4_3_20221105 411 38 4
5_4_3_20221105 437 33 5
5_4_3_20221105 608 41 6
5_4_3_20221105 672 33 8
5_4_3_20221105 713 56 9
5_4_3_20221105 781 50 7
5_4_3_20221105 855 75 10
5_4_4_20221105 114 37 2
5_4_4_20221105 166 135 1
5_4_4_20221105 317 39 4
5_4_4_20221105 367 27 3
5_4_4_20221105 434 39 6
5_4_4_20221105 493 48 5
5_4_4_20221105 561 162 8
5_4_4_20221105 740 92 9
5_4_4_20221105 845 50 7
5_4_4_20221105 901 80 10
6_1_1_20221105 127 69 1
6_1_1_20221105 214 47 2
6_1_1_20221105 283 45 3
6_1_1_20221105 341 46 4
6_1_1_20221105 409 42 5
6_1_1_20221105 463 31 6
6_1_1_20221105 504 85 7
6_1_1_20221105 611 29 8
6_1_1_20221105 643 53 9
6_1_1_20221105 706 67 10
6_1_2_20221105 28 123 0
6_1_2_20221105 196 67 1
6_1_2_20221105 273 45 2
6_1_2_20221105 338 32 3
6_1_2_20221105 388 40 4
6_1_2_20221105 448 37 5
6_1_2_20221105 495 31 6
6_1_2_20221105 539 41 7
6_1_2_20221105 596 35 8
6_1_2_20221105 637 46 9
6_1_2_20221105 699 50 10
6_2_1_20221105 37 52 0
6_2_1_20221105 121 36 2
6_2_1_20221105 178 72 1
6_2_1_20221105 268 28 4
6_2_1_20221105 313 48 3
6_2_1_20221105 383 58 6
6_2_1_20221105 457 37 5
6_2_1_20221105 509 44 8
6_2_1_20221105 562 74 9
6_2_1_20221105 646 65 7
6_2_1_20221105 730 77 10
6_2_2_20221105 52 37 0
6_2_2_20221105 126 29 2
6_2_2_20221105 175 43 1
6_2_2_20221105 227 28 4
6_2_2_20221105 266 31 3
6_2_2_20221105 304 59 6
6_2_2_20221105 373 21 5
6_2_2_20221105 408 34 8
6_2_2_20221105 450 72 9
6_2_2_20221105 541 46 7
6_2_2_20221105 596 47 10
7_1_1_20221105 41 70 0
7_1_1_20221105 168 52 1
7_1_1_20221105 233 52 2
7_1_1_20221105 298 41 3
7_1_1_20221105 351 44 4
7_1_1_20221105 539 15 6
7_1_1_20221105 602 35 5
7_1_1_20221105 649 38 7
7_1_1_20221105 697 59 8
7_1_1_20221105 757 91 9
7_1_1_20221105 835 96 10
7_2_1_20221105 36 161 0
7_2_1_20221105 230 39 2
7_2_1_20221105 274 65 1
7_2_1_20221105 350 28 4
7_2_1_20221105 536 98 6
7_2_1_20221105 656 23 5
7_2_1_20221105 937 33 7
7_2_1_20221105 997 60 10
7_2_2_20221105 39 129 0
7_2_2_20221105 205 32 2
7_2_2_20221105 247 89 1
7_2_2_20221105 349 29 4
7_2_2_20221105 394 43 3
7_2_2_20221105 501 62 6
7_2_2_20221105 571 26 5
7_2_2_20221105 624 48 8
7_2_2_20221105 677 28 9
7_2_2_20221105 774 47 7
7_2_2_20221105 847 97 10
8_1_1_20221105 30 91 0
8_1_1_20221105 151 122 1
8_1_1_20221105 307 56 2
8_1_1_20221105 389 37 3
8_1_1_20221105 456 50 4
8_1_2_20221105 40 65 0
8_1_2_20221105 138 55 1
8_1_2_20221105 215 66 2
8_1_2_20221105 296 39 3
8_1_2_20221105 361 63 4
8_1_2_20221105 502 25 5
8_1_2_20221105 538 41 6
8_1_2_20221105 627 36 7
8_1_2_20221105 761 17 9
8_1_2_20221105 795 77 10
1_1_1_20231102 15 123 0
1_1_1_20231102 160 100 1
1_1_1_20231102 305 45 2
1_1_1_20231102 395 70 4
1_1_1_20231102 505 45 3
1_1_1_20231102 642 73 6
1_1_1_20231102 733 47 5
1_1_1_20231102 820 80 7
1_1_1_20231102 935 65 8
1_1_1_20231102 1000 37 9
1_1_1_20231102 1055 60 10
1_1_2_20231102 130 84 0
1_1_2_20231102 250 78 1
1_1_2_20231102 355 60 2
1_1_2_20231102 455 50 4
1_1_2_20231102 545 25 3
1_1_2_20231102 665 55 5
1_1_2_20231102 803 42 6
1_1_2_20231102 945 76 7
1_1_2_20231102 1095 155 8
1_1_2_20231102 1250 35 9
1_1_2_20231102 1320 60 10
1_1_4_20231102 1 94 0
1_1_4_20231102 135 70 1
1_1_4_20231102 230 40 2
1_1_4_20231102 325 50 3
1_1_4_20231102 415 60 4
1_1_4_20231102 580 50 5
1_1_4_20231102 655 55 6
1_1_4_20231102 780 60 7
1_1_4_20231102 875 185 8
1_1_4_20231102 1060 30 9
1_1_4_20231102 1135 105 10
1_7_2_20231102 20 65 0
1_7_2_20231102 155 155 1
1_7_2_20231102 345 65 3
1_7_2_20231102 445 90 2
1_7_2_20231102 700 73 7
1_7_2_20231102 815 155 6
1_7_2_20231102 1025 155 8
1_7_2_20231102 1180 75 9
1_7_2_20231102 1275 50 10
1_7_1_20231102 65 60 0
1_7_1_20231102 150 90 1
1_7_1_20231102 270 85 3
1_7_1_20231102 385 115 2
1_7_1_20231102 625 85 7
1_7_1_20231102 745 125 6
1_7_1_20231102 970 230 8
1_7_1_20231102 1200 80 9
1_7_1_20231102 1310 90 10
1_7_3_20231102 45 40 0
1_7_3_20231102 130 165 1
1_7_3_20231102 330 95 3
1_7_3_20231102 480 95 2
1_7_3_20231102 670 205 6
1_7_3_20231102 918 72 7
1_7_3_20231102 1035 175 8
1_7_3_20231102 1210 70 9
1_7_3_20231102 1350 50 10
2_1_1_20231102 20 185 0
2_1_1_20231102 235 150 1
2_1_1_20231102 400 70 2
2_1_1_20231102 500 45 3
2_1_1_20231102 590 50 4
2_1_1_20231102 705 75 5
2_1_1_20231102 810 60 6
2_1_1_20231102 875 100 7
2_1_1_20231102 1000 70 8
2_1_1_20231102 1070 35 9
2_1_1_20231102 1120 125 10
1_1_3_20231102 15 165 0
1_1_3_20231102 215 80 1
1_1_3_20231102 330 75 2
1_1_3_20231102 440 40 3
1_1_3_20231102 505 55 4
1_1_3_20231102 835 65 5
1_1_3_20231102 925 65 6
1_1_3_20231102 1030 120 7
1_1_3_20231102 1185 130 8
1_1_3_20231102 1315 45 9
1_1_3_20231102 1370 80 10
1_6_1_20231102 20 45 0
1_6_1_20231102 140 100 1
1_6_1_20231102 290 80 3
1_6_1_20231102 400 115 2
1_6_1_20231102 585 125 7
1_6_1_20231102 740 135 6
1_6_1_20231102 920 128 8
1_6_1_20231102 1048 57 9
1_6_1_20231102 1140 60 10
1_1_1_20221105 80 90 0
1_1_1_20221105 245 90 1
1_1_1_20221105 350 40 2
1_1_1_20221105 495 60 4
1_1_1_20221105 527 28 3
1_1_1_20221105 654 21 6
1_1_1_20221105 742 23 5
1_1_1_20221105 830 60 7
1_1_1_20221105 910 50 9
1_1_1_20221105 975 15 1
1_1_1_20221105 992 151 8
1_1_1_20221105 1145 45 9
1_1_1_20221105 1216 64 10
1_2_2_202221105 190 70 0
1_2_2_202221105 320 32 2
1_2_2_202221105 408 25 1
1_2_2_202221105 459 18 4
1_2_2_202221105 479 23 3
1_2_2_202221105 606 23 6
1_2_2_202221105 680 17 5
1_2_2_202221105 800 100 8
1_2_2_202221105 900 25 9
1_2_2_202221105 1013 27 7
1_2_2_202221105 1081 64 10
1_2_1_20221105 25 125 0
1_2_1_20221105 170 20 2
1_2_1_20221105 233 52 1
1_2_1_20221105 316 29 3
1_2_1_20221105 377 18 4
1_2_1_20221105 513 22 5
1_2_1_20221105 555 65 6
1_2_1_20221105 688 92 9
1_2_1_20221105 825 30 1
1_2_1_20221105 864 16 7
1_2_1_20221105 914 21 2
1_2_1_20221105 980 45 8
1_2_1_20221105 1025 45 9
1_2_1_20221105 1105 40 7
1_2_1_20221105 1172 68 10
1_3_1_20221105 30 50 0
1_3_1_20221105 135 80 1
1_3_1_20221105 240 44 2
1_3_1_20221105 308 47 3
1_3_1_20221105 440 37 6
1_3_1_20221105 520 30 9
1_3_1_20221105 622 33 1
1_3_1_20221105 672 78 7
1_3_1_20221105 783 73 8
1_3_1_20221105 856 19 9
1_3_1_20221105 946 82 10
1_3_2_20221105 25 88 0
1_3_2_20221105 170 60 1
1_3_2_20221105 260 30 2
1_3_2_20221105 305 26 3
1_3_2_20221105 422 33 6
1_3_2_20221105 503 19 7
1_3_2_20221105 560 85 8
1_3_2_20221105 660 35 9
1_3_2_20221105 720 100 10
2_1_1_20221105 60 130 0
2_1_1_20221105 215 45 1
2_1_1_20221105 291 32 2
2_1_1_20221105 348 26 4
2_1_1_20221105 395 27 3
2_1_1_20221105 533 47 6
2_1_1_20221105 639 24 5
2_1_1_20221105 681 19 7
2_1_1_20221105 732 58 8
2_1_1_20221105 798 27 9
2_1_1_20221105 902 58 10
2_2_1_20221105 70 115 0
2_2_1_20221105 208 26 2
2_2_1_20221105 265 45 1
2_2_1_20221105 342 38 4
2_2_1_20221105 423 39 3
2_2_1_20221105 539 26 6
2_2_1_20221105 659 25 5
2_2_1_20221105 780 74 8
2_2_1_20221105 854 24 9
2_2_1_20221105 923 37 7
2_2_1_20221105 992 50 10
2_2_2_20221105 48 119 0
2_2_2_20221105 182 38 2
2_2_2_20221105 250 55 1
2_2_2_20221105 345 22 3
2_2_2_20221105 388 20 4
2_2_2_20221105 450 23 5
2_2_2_20221105 485 28 6
2_2_2_20221105 565 45 8
2_2_2_20221105 620 40 9
2_2_2_20221105 715 41 7
2_2_2_20221105 777 63 10
2_2_3_20221105 50 95 0
2_2_3_20221105 165 48 2
2_2_3_20221105 242 58 1
2_2_3_20221105 370 21 3
2_2_3_20221105 401 18 4
2_2_3_20221105 491 24 6
2_2_3_20221105 550 20 5
2_2_3_20221105 605 55 8
2_2_3_20221105 660 56 9
2_2_3_20221105 729 66 7
2_2_3_20221105 810 60 10
2_3_1_20221105 54 122 0
2_3_1_20221105 248 52 1
2_3_1_20221105 318 37 2
2_3_1_20221105 372 58 3
2_3_1_20221105 527 31 6
2_3_1_20221105 585 32 7
2_3_1_20221105 670 40 8
2_3_1_20221105 710 40 9
2_3_1_20221105 870 45 10
2_3_2_20221105 81 119 0
2_3_2_20221105 232 58 1
2_3_2_20221105 320 42 2
2_3_2_20221105 384 61 3
2_3_2_20221105 506 79 6
2_3_2_20221105 602 38 7
2_3_2_20221105 710 55 9
2_3_2_20221105 846 154 10
2_4_1_20221105 65 100 0
2_4_1_20221105 201 61 2
2_4_1_20221105 292 68 1
2_4_1_20221105 415 45 4
2_4_1_20221105 495 30 3
2_4_1_20221105 575 33 6
2_4_1_20221105 630 35 5
2_4_1_20221105 736 64 9
2_4_1_20221105 845 32 7
2_4_1_20221105 919 71 10
2_4_2_20221105 67 93 0
2_4_2_20221105 202 46 2
2_4_2_20221105 276 74 1
2_4_2_20221105 400 57 4
2_4_2_20221105 490 33 3
2_4_2_20221105 567 31 5
2_4_2_20221105 627 28 6
2_4_2_20221105 712 71 9
2_4_2_20221105 805 30 7
2_4_2_20221105 888 72 10
3_1_1_20221105 56 148 0
3_1_1_20221105 240 60 1
3_1_1_20221105 336 44 2
3_1_1_20221105 408 37 4
3_1_1_20221105 472 31 3
3_1_1_20221105 687 31 5
3_1_1_20221105 750 55 6
3_1_1_20221105 866 39 7
3_1_1_20221105 935 85 8
3_1_1_20221105 1020 40 9
3_1_1_20221105 1130 65 10
3_2_1_20221105 36 109 0
3_2_1_20221105 250 75 1
3_2_1_20221105 380 35 4
3_2_1_20221105 445 33 3
3_2_1_20221105 635 32 5
3_2_1_20221105 692 30 6
3_2_1_20221105 780 100 8
3_2_1_20221105 880 48 9
3_2_1_20221105 955 32 7
3_2_1_20221105 1008 67 10
3_3_1_20221105 41 126 0
3_3_1_20221105 210 65 1
3_3_1_20221105 305 48 2
3_3_1_20221105 380 45 3
3_3_1_20221105 562 33 6
3_3_1_20221105 653 57 7
3_3_1_20221105 769 81 8
3_3_1_20221105 850 40 9
3_3_1_20221105 945 85 10
4_1_1_20221105 40 105 0
4_1_1_20221105 200 55 1
4_1_1_20221105 279 82 2
4_1_1_20221105 381 17 4
4_1_1_20221105 420 25 3
4_1_1_20221105 576 34 6
4_1_1_20221105 639 21 5
4_1_1_20221105 731 20 9
4_1_1_20221105 762 18 1
4_1_1_20221105 795 52 7
4_1_1_20221105 880 45 9
4_1_1_20221105 993 52 10
4_1_2_20221105 15 99 0
4_1_2_20221105 155 55 1
4_1_2_20221105 225 50 2
4_1_2_20221105 295 57 3
4_1_2_20221105 395 25 4
4_1_2_20221105 480 30 5
4_1_2_20221105 542 33 6
4_1_2_20221105 620 45 7
4_1_2_20221105 685 60 8
4_1_2_20221105 745 25 9
4_1_2_20221105 790 32 10
