0 0.994732
5 0.504862
0 0.522576
0 0.754601
0 0.843685
0 0.656772
0 0.769643
0 0.701939
0 0.758230
7 0.553673
0 0.834090
0 0.646804
0 0.811894
0 0.673194
0 0.970071
0 0.724037
0 0.885419
0 0.952195
10 0.633624
0 0.889665
0 0.844806
0 0.534698
0 0.761650
0 0.992594
0 0.851481
0 0.944376
0 0.895294
0 0.770106
0 0.789060
0 0.894720
0 0.961844
0 0.788197
0 0.675856
0 0.991328
0 0.872374
0 0.733384
0 0.811286
0 0.946448
0 0.629224
4 0.614723
0 0.943960
7 0.661479
0 0.861786
0 0.693120
0 0.763311
7 0.668719
0 0.915513
8 0.528474
0 0.929757
6 0.605776
0 0.564312
0 0.545864
0 0.686508
0 0.525096
0 0.505087
1 0.566597
0 0.743710
7 0.627706
0 0.607333
0 0.587242
0 0.947590
0 0.689979
0 0.753775
0 0.647248
0 0.944054
0 0.631683
0 0.543922
0 0.891839
0 0.763078
0 0.778361
0 0.901869
1 0.642811
1 0.511928
1 0.626339
1 0.583738
1 0.514088
1 0.726944
1 0.643631
1 0.948524
0 0.525456
1 0.750103
1 0.535691
2 0.652054
1 0.981175
1 0.932482
1 0.680278
1 0.949944
2 0.557461
1 0.923887
1 0.701510
1 0.903317
1 0.785252
1 0.507240
1 0.957482
1 0.510857
1 0.831067
1 0.890087
1 0.840644
9 0.593818
1 0.805176
1 0.523922
1 0.692472
1 0.680642
1 0.552571
1 0.655392
1 0.733019
1 0.844916
1 0.593125
1 0.629704
1 0.525560
1 0.907241
1 0.900645
1 0.913003
2 0.851640
2 0.831816
2 0.802877
2 0.699253
2 0.635610
2 0.805132
2 0.948051
2 0.906171
2 0.945577
2 0.654576
2 0.779302
2 0.596932
2 0.685938
2 0.940482
2 0.661164
2 0.697933
2 0.859224
2 0.631550
2 0.928843
2 0.987719
2 0.649580
2 0.555283
2 0.946757
2 0.781308
2 0.600348
2 0.835638
2 0.908784
2 0.751062
2 0.922660
2 0.837534
2 0.507228
2 0.871548
2 0.598237
2 0.606808
2 0.754333
2 0.908214
2 0.803844
2 0.612349
2 0.890210
2 0.637898
2 0.725549
2 0.664198
2 0.756697
2 0.813944
2 0.687495
2 0.920613
2 0.832578
2 0.787141
2 0.646752
2 0.924122
2 0.772874
2 0.744276
2 0.579065
2 0.635879
2 0.636821
2 0.643122
2 0.808968
2 0.813135
2 0.849021
2 0.904340
2 0.923226
2 0.736145
2 0.793209
2 0.831442
2 0.777773
2 0.847350
2 0.647774
2 0.936210
2 0.906761
2 0.646329
2 0.569481
2 0.625769
2 0.582656
2 0.892352
2 0.719146
2 0.729559
2 0.800111
2 0.594432
2 0.825683
2 0.971303
2 0.769390
2 0.944224
2 0.686913
2 0.743701
2 0.705317
2 0.737214
2 0.854650
2 0.801181
2 0.924207
2 0.942093
2 0.671109
2 0.544622
2 0.531650
2 0.960671
2 0.858173
2 0.547768
2 0.843680
2 0.892183
2 0.927202
2 0.705664
2 0.677402
2 0.789190
2 0.642037
2 0.788862
2 0.729308
2 0.548275
2 0.588991
2 0.515369
2 0.557433
2 0.994627
2 0.769802
2 0.539457
2 0.847872
2 0.664807
2 0.535951
2 0.742076
2 0.782411
2 0.541019
2 0.862749
2 0.777252
2 0.771401
2 0.505828
2 0.700758
2 0.550279
2 0.839360
2 0.906201
2 0.859485
2 0.933026
2 0.664202
2 0.717675
2 0.845580
2 0.986160
2 0.901224
2 0.965713
3 0.695969
3 0.876427
3 0.699969
3 0.910639
3 0.605704
3 0.586371
3 0.686718
3 0.998278
3 0.567070
3 0.633681
3 0.780182
0 0.569719
3 0.524156
3 0.888930
3 0.841647
3 0.829542
4 0.597718
3 0.682966
3 0.528145
3 0.831890
3 0.678565
3 0.589496
3 0.990800
3 0.771783
4 0.739896
4 0.640853
4 0.864238
4 0.884428
4 0.771440
4 0.777805
4 0.955289
4 0.565868
4 0.884918
4 0.998160
4 0.903295
4 0.771591
4 0.750778
4 0.905083
4 0.861843
4 0.628053
4 0.517415
0 0.642374
4 0.583269
4 0.598367
4 0.519185
4 0.780483
4 0.777010
4 0.814696
4 0.665724
4 0.892092
4 0.976028
4 0.570003
4 0.543248
4 0.888214
4 0.610094
4 0.549190
4 0.723272
4 0.955927
4 0.693488
4 0.648506
4 0.587987
4 0.634705
4 0.579404
4 0.829972
4 0.758178
4 0.931459
4 0.636957
4 0.997333
4 0.509695
4 0.882638
4 0.774408
4 0.560128
4 0.748139
4 0.694559
4 0.691753
4 0.647063
6 0.691724
6 0.530465
6 0.812107
6 0.636996
6 0.913335
6 0.806424
6 0.862730
6 0.963880
6 0.595547
5 0.599781
6 0.608046
6 0.504920
6 0.895090
6 0.622697
6 0.521188
3 0.983907
3 0.612324
3 0.804566
3 0.916121
3 0.602787
3 0.597391
3 0.932312
3 0.768373
3 0.859921
3 0.970802
3 0.795772
3 0.529368
3 0.874212
3 0.638734
3 0.658591
3 0.963696
3 0.567092
3 0.943142
3 0.632257
3 0.907701
3 0.689033
3 0.629840
3 0.842497
3 0.711313
3 0.693762
3 0.897969
3 0.907015
3 0.691172
3 0.838397
5 0.756753
5 0.840034
5 0.583942
5 0.906144
5 0.905423
5 0.964276
5 0.580285
5 0.677651
5 0.951160
5 0.899443
5 0.955572
5 0.884766
5 0.570378
0 0.662739
5 0.831376
5 0.501421
5 0.949016
5 0.591052
5 0.794865
5 0.860798
5 0.659337
5 0.582030
5 0.676137
5 0.956851
5 0.584309
5 0.733465
5 0.823370
5 0.845764
5 0.582606
5 0.897385
5 0.882129
5 0.573222
5 0.886971
5 0.938075
5 0.963000
6 0.776790
6 0.682469
6 0.651480
6 0.648087
6 0.728386
6 0.768920
6 0.617769
6 0.909275
6 0.553211
6 0.906605
6 0.956799
6 0.773532
6 0.744276
6 0.713648
6 0.720012
6 0.910266
6 0.523104
6 0.713056
6 0.855342
6 0.725457
6 0.851512
6 0.909546
6 0.901944
6 0.599705
6 0.834938
6 0.791128
6 0.684235
6 0.552244
6 0.784872
6 0.802368
6 0.894308
6 0.975479
6 0.679863
6 0.940194
6 0.983309
6 0.693204
6 0.501450
6 0.736151
6 0.692259
6 0.697863
6 0.614422
6 0.672620
6 0.886148
6 0.708556
6 0.747888
6 0.828318
3 0.661814
9 0.621210
9 0.902711
9 0.631258
9 0.973422
9 0.660047
9 0.769990
9 0.635912
9 0.993246
2 0.523500
9 0.872234
9 0.913532
9 0.647417
9 0.593264
9 0.954899
9 0.715664
9 0.813698
9 0.709650
9 0.762726
9 0.686947
9 0.507101
9 0.952794
9 0.739855
9 0.736892
9 0.995447
10 0.630365
9 0.912167
9 0.835623
9 0.540977
9 0.863251
9 0.564633
9 0.934593
9 0.636885
2 0.624773
8 0.676734
9 0.765802
9 0.500509
9 0.504665
9 0.584093
9 0.974369
9 0.955018
9 0.574560
9 0.651518
9 0.648033
9 0.509507
9 0.675293
9 0.628156
9 0.515201
9 0.502616
4 0.628534
9 0.930168
9 0.663951
9 0.946780
9 0.617325
9 0.764315
9 0.885926
9 0.580740
9 0.542252
9 0.993305
2 0.524891
9 0.999453
9 0.805359
9 0.977710
9 0.763937
9 0.654554
6 0.590037
9 0.610432
9 0.970358
9 0.670880
9 0.682328
9 0.541955
9 0.868457
9 0.760837
7 0.517745
7 0.698576
7 0.775958
7 0.810364
7 0.793748
7 0.648596
7 0.595755
7 0.584703
7 0.505405
7 0.549907
7 0.886471
7 0.617833
7 0.654550
7 0.773607
7 0.596539
7 0.542723
7 0.982116
7 0.979187
7 0.980791
7 0.628042
7 0.679045
7 0.956041
7 0.946334
7 0.526342
4 0.601329
7 0.952814
7 0.933056
7 0.976694
7 0.612338
4 0.619433
7 0.541306
7 0.547709
7 0.568753
7 0.595605
7 0.788553
5 0.615367
7 0.781745
7 0.797866
7 0.797389
7 0.518596
7 0.989283
7 0.769184
7 0.562785
10 0.670644
10 0.936829
10 0.607242
10 0.954313
10 0.711783
10 0.697131
10 0.680873
10 0.573118
10 0.564055
10 0.921305
10 0.946241
10 0.683132
10 0.540071
10 0.716778
0 0.585364
10 0.958245
7 0.696142
10 0.894283
10 0.778487
10 0.649961
10 0.976389
10 0.790379
10 0.938575
10 0.830236
10 0.508278
10 0.975573
10 0.709795
10 0.962250
10 0.751457
10 0.584072
10 0.796182
10 0.778367
10 0.547766
10 0.729994
10 0.779088
10 0.926714
10 0.637534
10 0.776180
10 0.873003
10 0.885422
10 0.990369
10 0.811514
10 0.794863
10 0.615864
10 0.832095
10 0.755879
10 0.691475
10 0.785425
10 0.787614
10 0.786219
10 0.788809
10 0.875320
10 0.553986
10 0.623182
10 0.696398
10 0.811742
10 0.551327
10 0.633497
10 0.991417
10 0.549375
4 0.537881
10 0.914177
10 0.790765
2 0.675681
10 0.526719
10 0.531036
10 0.646545
10 0.984691
10 0.894571
10 0.789947
10 0.675661
10 0.625036
10 0.557232
10 0.943619
10 0.587342
10 0.673913
10 0.759724
10 0.578973
10 0.874072
10 0.928759
10 0.660335
10 0.506707
10 0.765630
10 0.964229
10 0.549795
10 0.662542
10 0.669923
10 0.548473
10 0.850833
10 0.695161
10 0.964066
10 0.514544
10 0.835143
10 0.976655
10 0.662314
10 0.588843
10 0.994397
10 0.948887
10 0.785942
10 0.724656
10 0.846942
10 0.761584
10 0.870269
10 0.535381
10 0.963309
0 0.637919
10 0.671646
10 0.956032
10 0.751612
10 0.630245
8 0.686951
10 0.984288
10 0.900186
10 0.642072
10 0.904935
10 0.519623
10 0.984500
10 0.691760
10 0.538252
10 0.562339
10 0.857545
10 0.788755
10 0.655177
10 0.931791
10 0.845105
10 0.545032
10 0.688165
10 0.550545
10 0.842193
10 0.589371
10 0.514253
10 0.890812
10 0.789616
10 0.873445
10 0.574179
10 0.637183
10 0.629163
10 0.861667
10 0.805783
10 0.501404
10 0.996494
