0 0.811258
5 0.397634
0 0.544467
0 0.857787
0 0.823199
3 0.359259
0 0.714123
0 0.988725
0 0.526907
0 0.919448
3 0.328764
0 0.782521
0 0.899484
2 0.308089
4 0.342045
0 0.318427
0 0.969245
0 0.557769
0 0.805311
0 0.911478
0 0.694302
0 0.552075
3 0.368827
0 0.547369
0 0.984322
0 0.621730
0 0.965223
5 0.312054
0 0.594323
0 0.717019
0 0.594436
0 0.765596
0 0.569865
0 0.827036
0 0.538691
0 0.918970
0 0.505659
0 0.594954
0 0.986528
0 0.676849
0 0.557247
0 0.354469
0 0.569012
0 0.662261
5 0.317322
0 0.823029
0 0.763178
1 0.396480
0 0.768059
0 0.610912
0 0.870860
1 0.364506
0 0.376358
2 0.311754
0 0.941796
0 0.627790
0 0.921392
0 0.505907
0 0.803376
0 0.500964
0 0.786417
0 0.777377
0 0.967004
0 0.537606
0 0.845416
0 0.971899
0 0.691649
0 0.847077
0 0.955383
0 0.641851
4 0.392414
1 0.902501
1 0.568804
1 0.543116
1 0.597422
5 0.347514
1 0.914141
1 0.543742
1 0.645467
1 0.687381
1 0.634238
1 0.845366
1 0.871568
1 0.601941
1 0.994037
1 0.532504
1 0.693503
1 0.791234
3 0.308834
1 0.859078
1 0.692883
6 0.316717
1 0.665391
6 0.300527
4 0.322320
3 0.379112
4 0.337547
1 0.935846
1 0.636275
1 0.505495
6 0.332504
1 0.820765
1 0.714913
1 0.939435
2 0.383093
1 0.680416
4 0.363977
1 0.683493
1 0.738458
1 0.662818
1 0.678063
1 0.651630
1 0.812039
2 0.671008
3 0.317507
2 0.809048
2 0.763764
2 0.873778
2 0.776884
2 0.628955
2 0.728776
2 0.702437
7 0.383842
2 0.993786
2 0.954172
2 0.326022
2 0.683872
2 0.699223
2 0.917511
2 0.758558
2 0.560020
2 0.982187
5 0.330619
2 0.969147
2 0.784749
2 0.823086
5 0.333720
2 0.953886
2 0.621727
2 0.723475
2 0.922307
3 0.329815
2 0.689983
2 0.668067
3 0.301233
2 0.849323
3 0.377647
7 0.369085
2 0.670597
2 0.645087
2 0.537787
2 0.837600
2 0.837387
2 0.523583
2 0.819667
2 0.515855
2 0.310973
2 0.954120
2 0.631602
2 0.540428
2 0.914281
2 0.694888
2 0.855457
2 0.738310
2 0.548695
2 0.669610
2 0.869705
2 0.693314
4 0.370884
2 0.569557
2 0.737633
2 0.699055
2 0.902216
2 0.835128
2 0.604492
2 0.849869
7 0.320066
2 0.551576
2 0.547074
2 0.684824
2 0.542675
2 0.739250
2 0.783114
2 0.635965
6 0.317109
2 0.852165
2 0.651402
2 0.763541
2 0.784819
4 0.398677
2 0.782969
2 0.959930
4 0.318441
6 0.304295
2 0.815377
2 0.819111
2 0.869520
2 0.740462
2 0.869680
2 0.845244
2 0.505065
2 0.873445
2 0.703705
2 0.928906
2 0.842298
2 0.864446
2 0.713717
2 0.826227
2 0.683596
2 0.764051
2 0.773125
2 0.874718
4 0.357201
2 0.505073
2 0.798108
2 0.819341
2 0.732630
2 0.627344
3 0.330708
7 0.312389
2 0.878132
2 0.942441
2 0.866639
2 0.781134
2 0.920344
2 0.887010
5 0.358166
2 0.765766
2 0.743938
2 0.545661
2 0.984456
2 0.945750
2 0.732608
2 0.880511
2 0.599137
2 0.370532
4 0.328255
2 0.946770
2 0.824365
2 0.539336
2 0.752629
6 0.389966
3 0.394414
2 0.820621
2 0.503849
2 0.711587
2 0.500455
3 0.580120
3 0.928639
3 0.928994
3 0.542669
3 0.742607
3 0.596731
3 0.743731
5 0.329550
3 0.724204
3 0.968665
3 0.921744
6 0.323898
3 0.967222
4 0.335611
3 0.896020
3 0.691828
3 0.731763
3 0.667375
3 0.925661
3 0.770036
3 0.757904
3 0.849937
3 0.643869
3 0.771104
4 0.514118
4 0.892054
4 0.566729
4 0.854813
4 0.564033
4 0.926612
4 0.920594
4 0.566620
4 0.614300
7 0.319966
4 0.810794
4 0.833836
4 0.847134
4 0.647074
4 0.653227
4 0.768307
4 0.879813
4 0.549209
4 0.530883
4 0.926166
4 0.808084
9 0.391000
4 0.966775
4 0.696001
6 0.373589
4 0.553798
4 0.510131
4 0.880459
4 0.395515
4 0.563309
4 0.518720
9 0.339381
4 0.390680
4 0.748802
4 0.711776
4 0.815037
4 0.889565
8 0.340858
4 0.688074
4 0.506130
4 0.715081
4 0.638703
4 0.500202
4 0.589330
4 0.806360
4 0.785082
4 0.661921
4 0.557786
4 0.805487
4 0.508622
4 0.891056
4 0.861716
6 0.502425
6 0.949955
5 0.326127
6 0.740641
5 0.370231
6 0.674782
6 0.635686
6 0.987506
1 0.345878
6 0.885702
6 0.574566
6 0.665823
6 0.876987
6 0.581242
3 0.729896
3 0.505003
5 0.343647
3 0.750266
3 0.886294
3 0.921886
3 0.610708
3 0.889333
3 0.874176
3 0.776317
5 0.391170
3 0.747675
3 0.953380
3 0.856997
4 0.399151
3 0.885456
3 0.335171
3 0.782568
3 0.698187
3 0.743558
3 0.630338
3 0.705974
3 0.872239
4 0.310088
3 0.762204
3 0.579833
3 0.777978
3 0.603529
3 0.835852
3 0.722966
5 0.918993
5 0.669335
5 0.519222
5 0.561982
5 0.668249
4 0.361085
5 0.960570
5 0.514740
2 0.356585
5 0.570863
5 0.581866
5 0.607817
5 0.922980
5 0.936585
5 0.767893
5 0.799897
1 0.395386
5 0.567474
4 0.355098
5 0.900387
5 0.931416
5 0.765284
5 0.875418
4 0.399626
5 0.531426
5 0.745691
5 0.668049
5 0.757259
5 0.798596
5 0.704632
5 0.825990
5 0.980349
5 0.500535
1 0.383184
5 0.654228
6 0.928194
6 0.913751
6 0.598917
6 0.888053
6 0.641298
1 0.396435
6 0.925163
6 0.770362
6 0.745860
6 0.565294
6 0.334940
6 0.383821
6 0.679720
6 0.867007
6 0.918129
6 0.616676
4 0.385842
6 0.809640
6 0.871331
6 0.768564
1 0.358570
6 0.819820
6 0.548228
6 0.583695
6 0.975847
6 0.869770
6 0.503309
6 0.760588
6 0.878987
6 0.990644
6 0.845660
6 0.762532
6 0.804844
6 0.617019
6 0.935274
6 0.682470
2 0.303845
6 0.536591
6 0.913580
6 0.603217
1 0.317230
6 0.744157
6 0.517870
6 0.840996
3 0.318350
6 0.506231
6 0.905617
9 0.877386
9 0.935002
9 0.819958
9 0.628346
4 0.349077
6 0.385431
9 0.569070
9 0.982620
6 0.397719
9 0.895670
9 0.526707
9 0.500008
9 0.607867
9 0.894670
9 0.653287
9 0.561533
9 0.579839
9 0.629550
9 0.506683
8 0.301613
9 0.907859
9 0.957344
9 0.671764
9 0.810666
9 0.694876
9 0.925975
9 0.566787
9 0.737464
9 0.978199
9 0.988025
9 0.504541
9 0.304593
8 0.379195
9 0.757458
9 0.598301
9 0.852745
9 0.812239
9 0.857406
9 0.979645
9 0.830302
9 0.532008
9 0.573218
7 0.385086
5 0.398759
4 0.316207
9 0.659783
9 0.697174
9 0.605988
9 0.582132
9 0.826541
9 0.632573
9 0.860537
9 0.863244
9 0.584270
5 0.338641
9 0.924803
9 0.797666
9 0.847439
9 0.540915
9 0.899868
9 0.957103
9 0.970800
6 0.349264
9 0.938501
9 0.839093
9 0.999823
9 0.672287
9 0.739241
9 0.691417
9 0.596862
9 0.619304
9 0.965416
7 0.575494
7 0.559521
4 0.397185
7 0.675256
7 0.976952
7 0.354482
7 0.789908
7 0.922378
7 0.705564
7 0.891548
7 0.551119
7 0.581298
7 0.624085
5 0.302649
7 0.839300
7 0.868882
7 0.712458
5 0.319239
7 0.560874
7 0.648953
7 0.658811
7 0.508964
7 0.991691
7 0.655060
7 0.608002
7 0.847141
5 0.378860
7 0.948226
7 0.816504
7 0.994367
7 0.695726
7 0.515836
7 0.536170
7 0.653706
7 0.567789
7 0.613757
3 0.301075
7 0.687289
6 0.341322
7 0.617565
7 0.982977
7 0.827199
7 0.913249
10 0.927583
10 0.846399
10 0.714528
10 0.537591
10 0.989916
7 0.356012
10 0.754207
10 0.974309
10 0.980738
10 0.762872
10 0.548022
10 0.867406
10 0.697969
10 0.808878
10 0.560114
10 0.785775
9 0.394275
10 0.982429
9 0.336481
10 0.985691
10 0.538029
10 0.517328
9 0.302036
10 0.989245
10 0.764814
10 0.754611
10 0.361212
10 0.586629
9 0.382836
10 0.900274
10 0.937697
10 0.976798
10 0.652069
6 0.309641
10 0.701169
10 0.744926
10 0.713120
10 0.856506
10 0.881048
10 0.801754
10 0.983332
10 0.601299
10 0.916957
7 0.344412
6 0.326957
10 0.829188
6 0.336524
10 0.966259
10 0.684420
10 0.775733
10 0.662154
10 0.782498
10 0.695276
10 0.760600
6 0.351275
5 0.365353
10 0.962824
10 0.699091
10 0.961211
10 0.517438
10 0.850968
5 0.365719
10 0.513158
10 0.646093
10 0.686577
10 0.532419
10 0.810123
10 0.808807
10 0.311853
10 0.864919
10 0.640577
10 0.512715
10 0.640376
10 0.508602
10 0.597521
10 0.714954
10 0.815489
10 0.985763
10 0.577495
10 0.920211
10 0.742384
8 0.335401
10 0.752181
10 0.515047
10 0.927573
10 0.921499
10 0.684882
10 0.900486
10 0.622052
6 0.375129
10 0.709688
10 0.829342
10 0.661656
10 0.869084
10 0.867155
10 0.767335
10 0.783509
9 0.325741
10 0.623192
10 0.524173
10 0.868271
10 0.908352
10 0.558500
10 0.596522
7 0.315582
10 0.509651
10 0.564549
9 0.360909
10 0.924612
10 0.537577
10 0.955561
10 0.794269
10 0.989022
10 0.862719
10 0.918988
10 0.675572
10 0.695125
10 0.618021
10 0.833715
7 0.394444
10 0.893405
6 0.381302
10 0.711443
8 0.336416
10 0.702463
10 0.977328
10 0.545391
10 0.953647
10 0.776166
10 0.875809
10 0.663983
10 0.896233
10 0.576737
10 0.801217
10 0.823090
10 0.627546
10 0.694761
8 0.355391
10 0.901949
10 0.866906
10 0.536718
-1 0.2
-1 0.2
-1 0.2
-1 0.2
-1 0.2
-1 0.2
-1 0.2
-1 0.2
-1 0.2
-1 0.2
-1 0.2
-1 0.2
-1 0.2
-1 0.2
-1 0.2
-1 0.2
0 0.811258
5 0.397634
0 0.544467
0 0.857787
0 0.823199
3 0.359259
0 0.714123
0 0.988725
0 0.526907
0 0.919448
3 0.328764
0 0.782521
0 0.899484
2 0.308089
4 0.342045
0 0.318427
0 0.969245
0 0.557769
0 0.805311
0 0.911478
0 0.694302
0 0.552075
3 0.368827
0 0.547369
0 0.984322
0 0.621730
0 0.965223
5 0.312054
0 0.594323
0 0.717019
0 0.594436
0 0.765596
0 0.569865
0 0.827036
0 0.538691
0 0.918970
0 0.505659
0 0.594954
0 0.986528
0 0.676849
0 0.557247
0 0.354469
0 0.569012
0 0.662261
5 0.317322
0 0.823029
0 0.763178
1 0.396480
0 0.768059
0 0.610912
0 0.870860
1 0.364506
0 0.376358
2 0.311754
0 0.941796
0 0.627790
0 0.921392
0 0.505907
0 0.803376
0 0.500964
0 0.786417
0 0.777377
0 0.967004
0 0.537606
0 0.845416
0 0.971899
0 0.691649
0 0.847077
0 0.955383
0 0.641851
4 0.392414
1 0.902501
1 0.568804
1 0.543116
1 0.597422
5 0.347514
1 0.914141
1 0.543742
1 0.645467
1 0.687381
1 0.634238
1 0.845366
1 0.871568
1 0.601941
1 0.994037
1 0.532504
1 0.693503
1 0.791234
3 0.308834
1 0.859078
1 0.692883
6 0.316717
1 0.665391
6 0.300527
4 0.322320
3 0.379112
4 0.337547
1 0.935846
1 0.636275
1 0.505495
6 0.332504
1 0.820765
1 0.714913
1 0.939435
2 0.383093
1 0.680416
4 0.363977
1 0.683493
1 0.738458
1 0.662818
1 0.678063
1 0.651630
1 0.812039
2 0.671008
3 0.317507
2 0.809048
2 0.763764
2 0.873778
2 0.776884
2 0.628955
2 0.728776
2 0.702437
7 0.383842
2 0.993786
2 0.954172
2 0.326022
2 0.683872
2 0.699223
2 0.917511
2 0.758558
2 0.560020
2 0.982187
5 0.330619
2 0.969147
2 0.784749
2 0.823086
5 0.333720
2 0.953886
2 0.621727
2 0.723475
2 0.922307
3 0.329815
2 0.689983
2 0.668067
3 0.301233
2 0.849323
3 0.377647
7 0.369085
2 0.670597
2 0.645087
2 0.537787
2 0.837600
2 0.837387
2 0.523583
2 0.819667
2 0.515855
2 0.310973
2 0.954120
2 0.631602
2 0.540428
2 0.914281
2 0.694888
2 0.855457
2 0.738310
2 0.548695
2 0.669610
2 0.869705
2 0.693314
4 0.370884
2 0.569557
2 0.737633
2 0.699055
2 0.902216
2 0.835128
2 0.604492
2 0.849869
7 0.320066
2 0.551576
2 0.547074
2 0.684824
2 0.542675
2 0.739250
2 0.783114
2 0.635965
6 0.317109
2 0.852165
2 0.651402
2 0.763541
2 0.784819
4 0.398677
2 0.782969
2 0.959930
4 0.318441
6 0.304295
2 0.815377
2 0.819111
2 0.869520
2 0.740462
2 0.869680
2 0.845244
2 0.505065
2 0.873445
2 0.703705
2 0.928906
2 0.842298
2 0.864446
2 0.713717
2 0.826227
2 0.683596
2 0.764051
2 0.773125
2 0.874718
4 0.357201
2 0.505073
2 0.798108
2 0.819341
2 0.732630
2 0.627344
3 0.330708
7 0.312389
2 0.878132
2 0.942441
2 0.866639
2 0.781134
2 0.920344
2 0.887010
5 0.358166
2 0.765766
2 0.743938
2 0.545661
2 0.984456
2 0.945750
2 0.732608
2 0.880511
2 0.599137
2 0.370532
4 0.328255
2 0.946770
2 0.824365
2 0.539336
2 0.752629
6 0.389966
3 0.394414
2 0.820621
2 0.503849
2 0.711587
2 0.500455
3 0.580120
3 0.928639
3 0.928994
3 0.542669
3 0.742607
3 0.596731
3 0.743731
5 0.329550
3 0.724204
3 0.968665
3 0.921744
6 0.323898
3 0.967222
4 0.335611
3 0.896020
3 0.691828
3 0.731763
3 0.667375
3 0.925661
3 0.770036
3 0.757904
3 0.849937
3 0.643869
3 0.771104
4 0.514118
4 0.892054
4 0.566729
4 0.854813
4 0.564033
4 0.926612
4 0.920594
4 0.566620
4 0.614300
7 0.319966
4 0.810794
4 0.833836
4 0.847134
4 0.647074
4 0.653227
4 0.768307
4 0.879813
4 0.549209
4 0.530883
4 0.926166
4 0.808084
9 0.391000
4 0.966775
4 0.696001
6 0.373589
4 0.553798
4 0.510131
4 0.880459
4 0.395515
4 0.563309
4 0.518720
9 0.339381
4 0.390680
4 0.748802
4 0.711776
4 0.815037
4 0.889565
8 0.340858
4 0.688074
4 0.506130
4 0.715081
4 0.638703
4 0.500202
4 0.589330
4 0.806360
4 0.785082
4 0.661921
4 0.557786
4 0.805487
4 0.508622
4 0.891056
4 0.861716
6 0.502425
6 0.949955
5 0.326127
6 0.740641
5 0.370231
6 0.674782
6 0.635686
6 0.987506
1 0.345878
6 0.885702
6 0.574566
6 0.665823
6 0.876987
6 0.581242
3 0.729896
3 0.505003
5 0.343647
3 0.750266
3 0.886294
3 0.921886
3 0.610708
3 0.889333
3 0.874176
3 0.776317
5 0.391170
3 0.747675
3 0.953380
3 0.856997
4 0.399151
3 0.885456
3 0.335171
3 0.782568
3 0.698187
3 0.743558
3 0.630338
3 0.705974
3 0.872239
4 0.310088
3 0.762204
3 0.579833
3 0.777978
3 0.603529
3 0.835852
3 0.722966
5 0.918993
5 0.669335
5 0.519222
5 0.561982
5 0.668249
4 0.361085
5 0.960570
5 0.514740
2 0.356585
5 0.570863
5 0.581866
5 0.607817
5 0.922980
5 0.936585
5 0.767893
5 0.799897
1 0.395386
5 0.567474
4 0.355098
5 0.900387
5 0.931416
5 0.765284
5 0.875418
4 0.399626
5 0.531426
5 0.745691
5 0.668049
5 0.757259
5 0.798596
5 0.704632
5 0.825990
5 0.980349
5 0.500535
1 0.383184
5 0.654228
6 0.928194
6 0.913751
6 0.598917
6 0.888053
6 0.641298
1 0.396435
6 0.925163
6 0.770362
6 0.745860
6 0.565294
6 0.334940
6 0.383821
6 0.679720
6 0.867007
6 0.918129
6 0.616676
4 0.385842
6 0.809640
6 0.871331
6 0.768564
1 0.358570
6 0.819820
6 0.548228
6 0.583695
6 0.975847
6 0.869770
6 0.503309
6 0.760588
6 0.878987
6 0.990644
6 0.845660
6 0.762532
6 0.804844
6 0.617019
6 0.935274
6 0.682470
2 0.303845
6 0.536591
6 0.913580
6 0.603217
1 0.317230
6 0.744157
6 0.517870
6 0.840996
3 0.318350
6 0.506231
6 0.905617
9 0.877386
9 0.935002
9 0.819958
9 0.628346
4 0.349077
6 0.385431
9 0.569070
9 0.982620
6 0.397719
9 0.895670
9 0.526707
9 0.500008
9 0.607867
9 0.894670
9 0.653287
9 0.561533
9 0.579839
9 0.629550
9 0.506683
8 0.301613
9 0.907859
9 0.957344
9 0.671764
9 0.810666
9 0.694876
9 0.925975
9 0.566787
9 0.737464
9 0.978199
9 0.988025
9 0.504541
9 0.304593
8 0.379195
9 0.757458
9 0.598301
9 0.852745
9 0.812239
9 0.857406
9 0.979645
9 0.830302
9 0.532008
9 0.573218
7 0.385086
5 0.398759
4 0.316207
9 0.659783
9 0.697174
9 0.605988
9 0.582132
9 0.826541
9 0.632573
9 0.860537
9 0.863244
9 0.584270
5 0.338641
9 0.924803
9 0.797666
9 0.847439
9 0.540915
9 0.899868
9 0.957103
9 0.970800
6 0.349264
9 0.938501
9 0.839093
9 0.999823
9 0.672287
9 0.739241
9 0.691417
9 0.596862
9 0.619304
9 0.965416
7 0.575494
7 0.559521
4 0.397185
7 0.675256
7 0.976952
7 0.354482
7 0.789908
7 0.922378
7 0.705564
7 0.891548
7 0.551119
7 0.581298
7 0.624085
5 0.302649
7 0.839300
7 0.868882
7 0.712458
5 0.319239
7 0.560874
7 0.648953
7 0.658811
7 0.508964
7 0.991691
7 0.655060
7 0.608002
7 0.847141
5 0.378860
7 0.948226
7 0.816504
7 0.994367
7 0.695726
7 0.515836
7 0.536170
7 0.653706
7 0.567789
7 0.613757
3 0.301075
7 0.687289
6 0.341322
7 0.617565
7 0.982977
7 0.827199
7 0.913249
10 0.927583
10 0.846399
10 0.714528
10 0.537591
10 0.989916
7 0.356012
10 0.754207
10 0.974309
10 0.980738
10 0.762872
10 0.548022
10 0.867406
10 0.697969
10 0.808878
10 0.560114
10 0.785775
9 0.394275
10 0.982429
9 0.336481
10 0.985691
10 0.538029
10 0.517328
9 0.302036
10 0.989245
10 0.764814
10 0.754611
10 0.361212
10 0.586629
9 0.382836
10 0.900274
10 0.937697
10 0.976798
10 0.652069
6 0.309641
10 0.701169
10 0.744926
10 0.713120
10 0.856506
10 0.881048
10 0.801754
10 0.983332
10 0.601299
10 0.916957
7 0.344412
6 0.326957
10 0.829188
6 0.336524
10 0.966259
10 0.684420
10 0.775733
10 0.662154
10 0.782498
10 0.695276
10 0.760600
6 0.351275
5 0.365353
10 0.962824
10 0.699091
10 0.961211
10 0.517438
10 0.850968
5 0.365719
10 0.513158
10 0.646093
10 0.686577
10 0.532419
10 0.810123
10 0.808807
10 0.311853
10 0.864919
10 0.640577
10 0.512715
10 0.640376
10 0.508602
10 0.597521
10 0.714954
10 0.815489
10 0.985763
10 0.577495
10 0.920211
10 0.742384
8 0.335401
10 0.752181
10 0.515047
10 0.927573
10 0.921499
10 0.684882
10 0.900486
10 0.622052
6 0.375129
10 0.709688
10 0.829342
10 0.661656
10 0.869084
10 0.867155
10 0.767335
10 0.783509
9 0.325741
10 0.623192
10 0.524173
10 0.868271
10 0.908352
10 0.558500
10 0.596522
7 0.315582
10 0.509651
10 0.564549
9 0.360909
10 0.924612
10 0.537577
10 0.955561
10 0.794269
10 0.989022
10 0.862719
10 0.918988
10 0.675572
10 0.695125
10 0.618021
10 0.833715
7 0.394444
10 0.893405
6 0.381302
10 0.711443
8 0.336416
10 0.702463
10 0.977328
10 0.545391
10 0.953647
10 0.776166
10 0.875809
10 0.663983
10 0.896233
10 0.576737
10 0.801217
10 0.823090
10 0.627546
10 0.694761
8 0.355391
10 0.901949
10 0.866906
10 0.536718
